100
1.968 0.948 0.928 0.908 0.888 0.868 0.848 0.828 0.808 0.788 0.768 0.748 0.728 0.708 0.688 0.668 0.648 0.628 0.608 0.588 0.568 0.548 0.528 0.508 0.488 0.468 0.448 0.428 0.408 0.388 0.368 0.348 0.328 0.308 0.288 0.268 0.248 0.228 0.208 0.188 0.168 0.148 0.128 0.108 0.088 0.068 0.048 0.028 0.008 -0.012 -0.032 -0.052 -0.072 -0.092 0.988 0.968 0.948 0.928 0.908 0.888 0.868 0.848 0.828 0.808 0.788 0.768 0.748 0.728 0.708 0.688 0.668 0.648 0.628 0.608 0.588 0.568 0.548 0.528 0.508 0.488 0.468 0.448 0.428 0.408 0.388 0.368 0.348 0.328 0.308 0.288 0.268 0.248 0.228 0.208 0.188 0.168 0.148 0.128 0.108 0.088
2.928 0.908 0.888 0.868 0.848 0.828 0.808 0.788 0.768 0.748 0.728 0.708 0.688 0.668 0.648 0.628 0.608 0.588 0.568 0.548 0.528 0.508 0.488 0.468 0.448 0.428 0.408 0.388 0.368 0.348 0.328 0.308 0.288 0.268 0.248 0.228 0.208 0.188 0.168 0.148 0.128 0.108 0.088 0.068 0.048 0.028 0.008 -0.012 -0.032 -0.052 -0.072 -0.092 -0.112 0.968 0.948 0.928 0.908 0.888 0.868 0.848 0.828 0.808 0.788 0.768 0.748 0.728 0.708 0.688 0.668 0.648 0.628 0.608 0.588 0.568 0.548 0.528 0.508 0.488 0.468 0.448 0.428 0.408 0.388 0.368 0.348 0.328 0.308 0.288 0.268 0.248 0.228 0.208 0.188 0.168 0.148 0.128 0.108 0.088 0.068
3.888 0.868 0.848 0.828 0.808 0.788 0.768 0.748 0.728 0.708 0.688 0.668 0.648 0.628 0.608 0.588 0.568 0.548 0.528 0.508 0.488 0.468 0.448 0.428 0.408 0.388 0.368 0.348 0.328 0.308 0.288 0.268 0.248 0.228 0.208 0.188 0.168 0.148 0.128 0.108 0.088 0.068 0.048 0.028 0.008 -0.012 -0.032 -0.052 -0.072 -0.092 -0.112 -0.132 0.948 0.928 0.908 0.888 0.868 0.848 0.828 0.808 0.788 0.768 0.748 0.728 0.708 0.688 0.668 0.648 0.628 0.608 0.588 0.568 0.548 0.528 0.508 0.488 0.468 0.448 0.428 0.408 0.388 0.368 0.348 0.328 0.308 0.288 0.268 0.248 0.228 0.208 0.188 0.168 0.148 0.128 0.108 0.088 0.068 0.048
4.848 0.828 0.808 0.788 0.768 0.748 0.728 0.708 0.688 0.668 0.648 0.628 0.608 0.588 0.568 0.548 0.528 0.508 0.488 0.468 0.448 0.428 0.408 0.388 0.368 0.348 0.328 0.308 0.288 0.268 0.248 0.228 0.208 0.188 0.168 0.148 0.128 0.108 0.088 0.068 0.048 0.028 0.008 -0.012 -0.032 -0.052 -0.072 -0.092 -0.112 -0.132 -0.152 0.928 0.908 0.888 0.868 0.848 0.828 0.808 0.788 0.768 0.748 0.728 0.708 0.688 0.668 0.648 0.628 0.608 0.588 0.568 0.548 0.528 0.508 0.488 0.468 0.448 0.428 0.408 0.388 0.368 0.348 0.328 0.308 0.288 0.268 0.248 0.228 0.208 0.188 0.168 0.148 0.128 0.108 0.088 0.068 0.048 0.028
5.808 0.788 0.768 0.748 0.728 0.708 0.688 0.668 0.648 0.628 0.608 0.588 0.568 0.548 0.528 0.508 0.488 0.468 0.448 0.428 0.408 0.388 0.368 0.348 0.328 0.308 0.288 0.268 0.248 0.228 0.208 0.188 0.168 0.148 0.128 0.108 0.088 0.068 0.048 0.028 0.008 -0.012 -0.032 -0.052 -0.072 -0.092 -0.112 -0.132 -0.152 -0.172 0.908 0.888 0.868 0.848 0.828 0.808 0.788 0.768 0.748 0.728 0.708 0.688 0.668 0.648 0.628 0.608 0.588 0.568 0.548 0.528 0.508 0.488 0.468 0.448 0.428 0.408 0.388 0.368 0.348 0.328 0.308 0.288 0.268 0.248 0.228 0.208 0.188 0.168 0.148 0.128 0.108 0.088 0.068 0.048 0.028 0.008
6.768 0.748 0.728 0.708 0.688 0.668 0.648 0.628 0.608 0.588 0.568 0.548 0.528 0.508 0.488 0.468 0.448 0.428 0.408 0.388 0.368 0.348 0.328 0.308 0.288 0.268 0.248 0.228 0.208 0.188 0.168 0.148 0.128 0.108 0.088 0.068 0.048 0.028 0.008 -0.012 -0.032 -0.052 -0.072 -0.092 -0.112 -0.132 -0.152 -0.172 -0.192 0.888 0.868 0.848 0.828 0.808 0.788 0.768 0.748 0.728 0.708 0.688 0.668 0.648 0.628 0.608 0.588 0.568 0.548 0.528 0.508 0.488 0.468 0.448 0.428 0.408 0.388 0.368 0.348 0.328 0.308 0.288 0.268 0.248 0.228 0.208 0.188 0.168 0.148 0.128 0.108 0.088 0.068 0.048 0.028 0.008 -0.012
7.728 0.708 0.688 0.668 0.648 0.628 0.608 0.588 0.568 0.548 0.528 0.508 0.488 0.468 0.448 0.428 0.408 0.388 0.368 0.348 0.328 0.308 0.288 0.268 0.248 0.228 0.208 0.188 0.168 0.148 0.128 0.108 0.088 0.068 0.048 0.028 0.008 -0.012 -0.032 -0.052 -0.072 -0.092 -0.112 -0.132 -0.152 -0.172 -0.192 -0.212 0.868 0.848 0.828 0.808 0.788 0.768 0.748 0.728 0.708 0.688 0.668 0.648 0.628 0.608 0.588 0.568 0.548 0.528 0.508 0.488 0.468 0.448 0.428 0.408 0.388 0.368 0.348 0.328 0.308 0.288 0.268 0.248 0.228 0.208 0.188 0.168 0.148 0.128 0.108 0.088 0.068 0.048 0.028 0.008 -0.012 -0.032
8.688 0.668 0.648 0.628 0.608 0.588 0.568 0.548 0.528 0.508 0.488 0.468 0.448 0.428 0.408 0.388 0.368 0.348 0.328 0.308 0.288 0.268 0.248 0.228 0.208 0.188 0.168 0.148 0.128 0.108 0.088 0.068 0.048 0.028 0.008 -0.012 -0.032 -0.052 -0.072 -0.092 -0.112 -0.132 -0.152 -0.172 -0.192 -0.212 -0.232 0.848 0.828 0.808 0.788 0.768 0.748 0.728 0.708 0.688 0.668 0.648 0.628 0.608 0.588 0.568 0.548 0.528 0.508 0.488 0.468 0.448 0.428 0.408 0.388 0.368 0.348 0.328 0.308 0.288 0.268 0.248 0.228 0.208 0.188 0.168 0.148 0.128 0.108 0.088 0.068 0.048 0.028 0.008 -0.012 -0.032 -0.052
9.648 0.628 0.608 0.588 0.568 0.548 0.528 0.508 0.488 0.468 0.448 0.428 0.408 0.388 0.368 0.348 0.328 0.308 0.288 0.268 0.248 0.228 0.208 0.188 0.168 0.148 0.128 0.108 0.088 0.068 0.048 0.028 0.008 -0.012 -0.032 -0.052 -0.072 -0.092 -0.112 -0.132 -0.152 -0.172 -0.192 -0.212 -0.232 -0.252 0.828 0.808 0.788 0.768 0.748 0.728 0.708 0.688 0.668 0.648 0.628 0.608 0.588 0.568 0.548 0.528 0.508 0.488 0.468 0.448 0.428 0.408 0.388 0.368 0.348 0.328 0.308 0.288 0.268 0.248 0.228 0.208 0.188 0.168 0.148 0.128 0.108 0.088 0.068 0.048 0.028 0.008 -0.012 -0.032 -0.052 -0.072
10.608 0.588 0.568 0.548 0.528 0.508 0.488 0.468 0.448 0.428 0.408 0.388 0.368 0.348 0.328 0.308 0.288 0.268 0.248 0.228 0.208 0.188 0.168 0.148 0.128 0.108 0.088 0.068 0.048 0.028 0.008 -0.012 -0.032 -0.052 -0.072 -0.092 -0.112 -0.132 -0.152 -0.172 -0.192 -0.212 -0.232 -0.252 -0.272 0.808 0.788 0.768 0.748 0.728 0.708 0.688 0.668 0.648 0.628 0.608 0.588 0.568 0.548 0.528 0.508 0.488 0.468 0.448 0.428 0.408 0.388 0.368 0.348 0.328 0.308 0.288 0.268 0.248 0.228 0.208 0.188 0.168 0.148 0.128 0.108 0.088 0.068 0.048 0.028 0.008 -0.012 -0.032 -0.052 -0.072 -0.092
11.568 0.548 0.528 0.508 0.488 0.468 0.448 0.428 0.408 0.388 0.368 0.348 0.328 0.308 0.288 0.268 0.248 0.228 0.208 0.188 0.168 0.148 0.128 0.108 0.088 0.068 0.048 0.028 0.008 -0.012 -0.032 -0.052 -0.072 -0.092 -0.112 -0.132 -0.152 -0.172 -0.192 -0.212 -0.232 -0.252 -0.272 -0.292 0.788 0.768 0.748 0.728 0.708 0.688 0.668 0.648 0.628 0.608 0.588 0.568 0.548 0.528 0.508 0.488 0.468 0.448 0.428 0.408 0.388 0.368 0.348 0.328 0.308 0.288 0.268 0.248 0.228 0.208 0.188 0.168 0.148 0.128 0.108 0.088 0.068 0.048 0.028 0.008 -0.012 -0.032 -0.052 -0.072 -0.092 -0.112
12.528 0.508 0.488 0.468 0.448 0.428 0.408 0.388 0.368 0.348 0.328 0.308 0.288 0.268 0.248 0.228 0.208 0.188 0.168 0.148 0.128 0.108 0.088 0.068 0.048 0.028 0.008 -0.012 -0.032 -0.052 -0.072 -0.092 -0.112 -0.132 -0.152 -0.172 -0.192 -0.212 -0.232 -0.252 -0.272 -0.292 -0.312 0.768 0.748 0.728 0.708 0.688 0.668 0.648 0.628 0.608 0.588 0.568 0.548 0.528 0.508 0.488 0.468 0.448 0.428 0.408 0.388 0.368 0.348 0.328 0.308 0.288 0.268 0.248 0.228 0.208 0.188 0.168 0.148 0.128 0.108 0.088 0.068 0.048 0.028 0.008 -0.012 -0.032 -0.052 -0.072 -0.092 -0.112 -0.132
13.488 0.468 0.448 0.428 0.408 0.388 0.368 0.348 0.328 0.308 0.288 0.268 0.248 0.228 0.208 0.188 0.168 0.148 0.128 0.108 0.088 0.068 0.048 0.028 0.008 -0.012 -0.032 -0.052 -0.072 -0.092 -0.112 -0.132 -0.152 -0.172 -0.192 -0.212 -0.232 -0.252 -0.272 -0.292 -0.312 -0.332 0.748 0.728 0.708 0.688 0.668 0.648 0.628 0.608 0.588 0.568 0.548 0.528 0.508 0.488 0.468 0.448 0.428 0.408 0.388 0.368 0.348 0.328 0.308 0.288 0.268 0.248 0.228 0.208 0.188 0.168 0.148 0.128 0.108 0.088 0.068 0.048 0.028 0.008 -0.012 -0.032 -0.052 -0.072 -0.092 -0.112 -0.132 -0.152
14.448 0.428 0.408 0.388 0.368 0.348 0.328 0.308 0.288 0.268 0.248 0.228 0.208 0.188 0.168 0.148 0.128 0.108 0.088 0.068 0.048 0.028 0.008 -0.012 -0.032 -0.052 -0.072 -0.092 -0.112 -0.132 -0.152 -0.172 -0.192 -0.212 -0.232 -0.252 -0.272 -0.292 -0.312 -0.332 -0.352 0.728 0.708 0.688 0.668 0.648 0.628 0.608 0.588 0.568 0.548 0.528 0.508 0.488 0.468 0.448 0.428 0.408 0.388 0.368 0.348 0.328 0.308 0.288 0.268 0.248 0.228 0.208 0.188 0.168 0.148 0.128 0.108 0.088 0.068 0.048 0.028 0.008 -0.012 -0.032 -0.052 -0.072 -0.092 -0.112 -0.132 -0.152 -0.172
15.408 0.388 0.368 0.348 0.328 0.308 0.288 0.268 0.248 0.228 0.208 0.188 0.168 0.148 0.128 0.108 0.088 0.068 0.048 0.028 0.008 -0.012 -0.032 -0.052 -0.072 -0.092 -0.112 -0.132 -0.152 -0.172 -0.192 -0.212 -0.232 -0.252 -0.272 -0.292 -0.312 -0.332 -0.352 -0.372 0.708 0.688 0.668 0.648 0.628 0.608 0.588 0.568 0.548 0.528 0.508 0.488 0.468 0.448 0.428 0.408 0.388 0.368 0.348 0.328 0.308 0.288 0.268 0.248 0.228 0.208 0.188 0.168 0.148 0.128 0.108 0.088 0.068 0.048 0.028 0.008 -0.012 -0.032 -0.052 -0.072 -0.092 -0.112 -0.132 -0.152 -0.172 -0.192
16.368 0.348 0.328 0.308 0.288 0.268 0.248 0.228 0.208 0.188 0.168 0.148 0.128 0.108 0.088 0.068 0.048 0.028 0.008 -0.012 -0.032 -0.052 -0.072 -0.092 -0.112 -0.132 -0.152 -0.172 -0.192 -0.212 -0.232 -0.252 -0.272 -0.292 -0.312 -0.332 -0.352 -0.372 -0.392 0.688 0.668 0.648 0.628 0.608 0.588 0.568 0.548 0.528 0.508 0.488 0.468 0.448 0.428 0.408 0.388 0.368 0.348 0.328 0.308 0.288 0.268 0.248 0.228 0.208 0.188 0.168 0.148 0.128 0.108 0.088 0.068 0.048 0.028 0.008 -0.012 -0.032 -0.052 -0.072 -0.092 -0.112 -0.132 -0.152 -0.172 -0.192 -0.212
17.328 0.308 0.288 0.268 0.248 0.228 0.208 0.188 0.168 0.148 0.128 0.108 0.088 0.068 0.048 0.028 0.008 -0.012 -0.032 -0.052 -0.072 -0.092 -0.112 -0.132 -0.152 -0.172 -0.192 -0.212 -0.232 -0.252 -0.272 -0.292 -0.312 -0.332 -0.352 -0.372 -0.392 -0.412 0.668 0.648 0.628 0.608 0.588 0.568 0.548 0.528 0.508 0.488 0.468 0.448 0.428 0.408 0.388 0.368 0.348 0.328 0.308 0.288 0.268 0.248 0.228 0.208 0.188 0.168 0.148 0.128 0.108 0.088 0.068 0.048 0.028 0.008 -0.012 -0.032 -0.052 -0.072 -0.092 -0.112 -0.132 -0.152 -0.172 -0.192 -0.212 -0.232
18.288 0.268 0.248 0.228 0.208 0.188 0.168 0.148 0.128 0.108 0.088 0.068 0.048 0.028 0.008 -0.012 -0.032 -0.052 -0.072 -0.092 -0.112 -0.132 -0.152 -0.172 -0.192 -0.212 -0.232 -0.252 -0.272 -0.292 -0.312 -0.332 -0.352 -0.372 -0.392 -0.412 -0.432 0.648 0.628 0.608 0.588 0.568 0.548 0.528 0.508 0.488 0.468 0.448 0.428 0.408 0.388 0.368 0.348 0.328 0.308 0.288 0.268 0.248 0.228 0.208 0.188 0.168 0.148 0.128 0.108 0.088 0.068 0.048 0.028 0.008 -0.012 -0.032 -0.052 -0.072 -0.092 -0.112 -0.132 -0.152 -0.172 -0.192 -0.212 -0.232 -0.252
19.248 0.228 0.208 0.188 0.168 0.148 0.128 0.108 0.088 0.068 0.048 0.028 0.008 -0.012 -0.032 -0.052 -0.072 -0.092 -0.112 -0.132 -0.152 -0.172 -0.192 -0.212 -0.232 -0.252 -0.272 -0.292 -0.312 -0.332 -0.352 -0.372 -0.392 -0.412 -0.432 -0.452 0.628 0.608 0.588 0.568 0.548 0.528 0.508 0.488 0.468 0.448 0.428 0.408 0.388 0.368 0.348 0.328 0.308 0.288 0.268 0.248 0.228 0.208 0.188 0.168 0.148 0.128 0.108 0.088 0.068 0.048 0.028 0.008 -0.012 -0.032 -0.052 -0.072 -0.092 -0.112 -0.132 -0.152 -0.172 -0.192 -0.212 -0.232 -0.252 -0.272
20.208 0.188 0.168 0.148 0.128 0.108 0.088 0.068 0.048 0.028 0.008 -0.012 -0.032 -0.052 -0.072 -0.092 -0.112 -0.132 -0.152 -0.172 -0.192 -0.212 -0.232 -0.252 -0.272 -0.292 -0.312 -0.332 -0.352 -0.372 -0.392 -0.412 -0.432 -0.452 -0.472 0.608 0.588 0.568 0.548 0.528 0.508 0.488 0.468 0.448 0.428 0.408 0.388 0.368 0.348 0.328 0.308 0.288 0.268 0.248 0.228 0.208 0.188 0.168 0.148 0.128 0.108 0.088 0.068 0.048 0.028 0.008 -0.012 -0.032 -0.052 -0.072 -0.092 -0.112 -0.132 -0.152 -0.172 -0.192 -0.212 -0.232 -0.252 -0.272 -0.292
21.168 0.148 0.128 0.108 0.088 0.068 0.048 0.028 0.008 -0.012 -0.032 -0.052 -0.072 -0.092 -0.112 -0.132 -0.152 -0.172 -0.192 -0.212 -0.232 -0.252 -0.272 -0.292 -0.312 -0.332 -0.352 -0.372 -0.392 -0.412 -0.432 -0.452 -0.472 -0.492 0.588 0.568 0.548 0.528 0.508 0.488 0.468 0.448 0.428 0.408 0.388 0.368 0.348 0.328 0.308 0.288 0.268 0.248 0.228 0.208 0.188 0.168 0.148 0.128 0.108 0.088 0.068 0.048 0.028 0.008 -0.012 -0.032 -0.052 -0.072 -0.092 -0.112 -0.132 -0.152 -0.172 -0.192 -0.212 -0.232 -0.252 -0.272 -0.292 -0.312
22.128 0.108 0.088 0.068 0.048 0.028 0.008 -0.012 -0.032 -0.052 -0.072 -0.092 -0.112 -0.132 -0.152 -0.172 -0.192 -0.212 -0.232 -0.252 -0.272 -0.292 -0.312 -0.332 -0.352 -0.372 -0.392 -0.412 -0.432 -0.452 -0.472 -0.492 -0.512 0.568 0.548 0.528 0.508 0.488 0.468 0.448 0.428 0.408 0.388 0.368 0.348 0.328 0.308 0.288 0.268 0.248 0.228 0.208 0.188 0.168 0.148 0.128 0.108 0.088 0.068 0.048 0.028 0.008 -0.012 -0.032 -0.052 -0.072 -0.092 -0.112 -0.132 -0.152 -0.172 -0.192 -0.212 -0.232 -0.252 -0.272 -0.292 -0.312 -0.332
23.088 0.068 0.048 0.028 0.008 -0.012 -0.032 -0.052 -0.072 -0.092 -0.112 -0.132 -0.152 -0.172 -0.192 -0.212 -0.232 -0.252 -0.272 -0.292 -0.312 -0.332 -0.352 -0.372 -0.392 -0.412 -0.432 -0.452 -0.472 -0.492 -0.512 -0.532 0.548 0.528 0.508 0.488 0.468 0.448 0.428 0.408 0.388 0.368 0.348 0.328 0.308 0.288 0.268 0.248 0.228 0.208 0.188 0.168 0.148 0.128 0.108 0.088 0.068 0.048 0.028 0.008 -0.012 -0.032 -0.052 -0.072 -0.092 -0.112 -0.132 -0.152 -0.172 -0.192 -0.212 -0.232 -0.252 -0.272 -0.292 -0.312 -0.332 -0.352
24.048 0.028 0.008 -0.012 -0.032 -0.052 -0.072 -0.092 -0.112 -0.132 -0.152 -0.172 -0.192 -0.212 -0.232 -0.252 -0.272 -0.292 -0.312 -0.332 -0.352 -0.372 -0.392 -0.412 -0.432 -0.452 -0.472 -0.492 -0.512 -0.532 -0.552 0.528 0.508 0.488 0.468 0.448 0.428 0.408 0.388 0.368 0.348 0.328 0.308 0.288 0.268 0.248 0.228 0.208 0.188 0.168 0.148 0.128 0.108 0.088 0.068 0.048 0.028 0.008 -0.012 -0.032 -0.052 -0.072 -0.092 -0.112 -0.132 -0.152 -0.172 -0.192 -0.212 -0.232 -0.252 -0.272 -0.292 -0.312 -0.332 -0.352 -0.372
25.008 -0.012 -0.032 -0.052 -0.072 -0.092 -0.112 -0.132 -0.152 -0.172 -0.192 -0.212 -0.232 -0.252 -0.272 -0.292 -0.312 -0.332 -0.352 -0.372 -0.392 -0.412 -0.432 -0.452 -0.472 -0.492 -0.512 -0.532 -0.552 -0.572 0.508 0.488 0.468 0.448 0.428 0.408 0.388 0.368 0.348 0.328 0.308 0.288 0.268 0.248 0.228 0.208 0.188 0.168 0.148 0.128 0.108 0.088 0.068 0.048 0.028 0.008 -0.012 -0.032 -0.052 -0.072 -0.092 -0.112 -0.132 -0.152 -0.172 -0.192 -0.212 -0.232 -0.252 -0.272 -0.292 -0.312 -0.332 -0.352 -0.372 -0.392
25.968 -0.052 -0.072 -0.092 -0.112 -0.132 -0.152 -0.172 -0.192 -0.212 -0.232 -0.252 -0.272 -0.292 -0.312 -0.332 -0.352 -0.372 -0.392 -0.412 -0.432 -0.452 -0.472 -0.492 -0.512 -0.532 -0.552 -0.572 -0.592 0.488 0.468 0.448 0.428 0.408 0.388 0.368 0.348 0.328 0.308 0.288 0.268 0.248 0.228 0.208 0.188 0.168 0.148 0.128 0.108 0.088 0.068 0.048 0.028 0.008 -0.012 -0.032 -0.052 -0.072 -0.092 -0.112 -0.132 -0.152 -0.172 -0.192 -0.212 -0.232 -0.252 -0.272 -0.292 -0.312 -0.332 -0.352 -0.372 -0.392 -0.412
26.928 -0.092 -0.112 -0.132 -0.152 -0.172 -0.192 -0.212 -0.232 -0.252 -0.272 -0.292 -0.312 -0.332 -0.352 -0.372 -0.392 -0.412 -0.432 -0.452 -0.472 -0.492 -0.512 -0.532 -0.552 -0.572 -0.592 -0.612 0.468 0.448 0.428 0.408 0.388 0.368 0.348 0.328 0.308 0.288 0.268 0.248 0.228 0.208 0.188 0.168 0.148 0.128 0.108 0.088 0.068 0.048 0.028 0.008 -0.012 -0.032 -0.052 -0.072 -0.092 -0.112 -0.132 -0.152 -0.172 -0.192 -0.212 -0.232 -0.252 -0.272 -0.292 -0.312 -0.332 -0.352 -0.372 -0.392 -0.412 -0.432
27.888 -0.132 -0.152 -0.172 -0.192 -0.212 -0.232 -0.252 -0.272 -0.292 -0.312 -0.332 -0.352 -0.372 -0.392 -0.412 -0.432 -0.452 -0.472 -0.492 -0.512 -0.532 -0.552 -0.572 -0.592 -0.612 -0.632 0.448 0.428 0.408 0.388 0.368 0.348 0.328 0.308 0.288 0.268 0.248 0.228 0.208 0.188 0.168 0.148 0.128 0.108 0.088 0.068 0.048 0.028 0.008 -0.012 -0.032 -0.052 -0.072 -0.092 -0.112 -0.132 -0.152 -0.172 -0.192 -0.212 -0.232 -0.252 -0.272 -0.292 -0.312 -0.332 -0.352 -0.372 -0.392 -0.412 -0.432 -0.452
28.848 -0.172 -0.192 -0.212 -0.232 -0.252 -0.272 -0.292 -0.312 -0.332 -0.352 -0.372 -0.392 -0.412 -0.432 -0.452 -0.472 -0.492 -0.512 -0.532 -0.552 -0.572 -0.592 -0.612 -0.632 -0.652 0.428 0.408 0.388 0.368 0.348 0.328 0.308 0.288 0.268 0.248 0.228 0.208 0.188 0.168 0.148 0.128 0.108 0.088 0.068 0.048 0.028 0.008 -0.012 -0.032 -0.052 -0.072 -0.092 -0.112 -0.132 -0.152 -0.172 -0.192 -0.212 -0.232 -0.252 -0.272 -0.292 -0.312 -0.332 -0.352 -0.372 -0.392 -0.412 -0.432 -0.452 -0.472
29.808 -0.212 -0.232 -0.252 -0.272 -0.292 -0.312 -0.332 -0.352 -0.372 -0.392 -0.412 -0.432 -0.452 -0.472 -0.492 -0.512 -0.532 -0.552 -0.572 -0.592 -0.612 -0.632 -0.652 -0.672 0.408 0.388 0.368 0.348 0.328 0.308 0.288 0.268 0.248 0.228 0.208 0.188 0.168 0.148 0.128 0.108 0.088 0.068 0.048 0.028 0.008 -0.012 -0.032 -0.052 -0.072 -0.092 -0.112 -0.132 -0.152 -0.172 -0.192 -0.212 -0.232 -0.252 -0.272 -0.292 -0.312 -0.332 -0.352 -0.372 -0.392 -0.412 -0.432 -0.452 -0.472 -0.492
30.768 -0.252 -0.272 -0.292 -0.312 -0.332 -0.352 -0.372 -0.392 -0.412 -0.432 -0.452 -0.472 -0.492 -0.512 -0.532 -0.552 -0.572 -0.592 -0.612 -0.632 -0.652 -0.672 -0.692 0.388 0.368 0.348 0.328 0.308 0.288 0.268 0.248 0.228 0.208 0.188 0.168 0.148 0.128 0.108 0.088 0.068 0.048 0.028 0.008 -0.012 -0.032 -0.052 -0.072 -0.092 -0.112 -0.132 -0.152 -0.172 -0.192 -0.212 -0.232 -0.252 -0.272 -0.292 -0.312 -0.332 -0.352 -0.372 -0.392 -0.412 -0.432 -0.452 -0.472 -0.492 -0.512
31.728 -0.292 -0.312 -0.332 -0.352 -0.372 -0.392 -0.412 -0.432 -0.452 -0.472 -0.492 -0.512 -0.532 -0.552 -0.572 -0.592 -0.612 -0.632 -0.652 -0.672 -0.692 -0.712 0.368 0.348 0.328 0.308 0.288 0.268 0.248 0.228 0.208 0.188 0.168 0.148 0.128 0.108 0.088 0.068 0.048 0.028 0.008 -0.012 -0.032 -0.052 -0.072 -0.092 -0.112 -0.132 -0.152 -0.172 -0.192 -0.212 -0.232 -0.252 -0.272 -0.292 -0.312 -0.332 -0.352 -0.372 -0.392 -0.412 -0.432 -0.452 -0.472 -0.492 -0.512 -0.532
32.688 -0.332 -0.352 -0.372 -0.392 -0.412 -0.432 -0.452 -0.472 -0.492 -0.512 -0.532 -0.552 -0.572 -0.592 -0.612 -0.632 -0.652 -0.672 -0.692 -0.712 -0.732 0.348 0.328 0.308 0.288 0.268 0.248 0.228 0.208 0.188 0.168 0.148 0.128 0.108 0.088 0.068 0.048 0.028 0.008 -0.012 -0.032 -0.052 -0.072 -0.092 -0.112 -0.132 -0.152 -0.172 -0.192 -0.212 -0.232 -0.252 -0.272 -0.292 -0.312 -0.332 -0.352 -0.372 -0.392 -0.412 -0.432 -0.452 -0.472 -0.492 -0.512 -0.532 -0.552
33.648 -0.372 -0.392 -0.412 -0.432 -0.452 -0.472 -0.492 -0.512 -0.532 -0.552 -0.572 -0.592 -0.612 -0.632 -0.652 -0.672 -0.692 -0.712 -0.732 -0.752 0.328 0.308 0.288 0.268 0.248 0.228 0.208 0.188 0.168 0.148 0.128 0.108 0.088 0.068 0.048 0.028 0.008 -0.012 -0.032 -0.052 -0.072 -0.092 -0.112 -0.132 -0.152 -0.172 -0.192 -0.212 -0.232 -0.252 -0.272 -0.292 -0.312 -0.332 -0.352 -0.372 -0.392 -0.412 -0.432 -0.452 -0.472 -0.492 -0.512 -0.532 -0.552 -0.572
34.608 -0.412 -0.432 -0.452 -0.472 -0.492 -0.512 -0.532 -0.552 -0.572 -0.592 -0.612 -0.632 -0.652 -0.672 -0.692 -0.712 -0.732 -0.752 -0.772 0.308 0.288 0.268 0.248 0.228 0.208 0.188 0.168 0.148 0.128 0.108 0.088 0.068 0.048 0.028 0.008 -0.012 -0.032 -0.052 -0.072 -0.092 -0.112 -0.132 -0.152 -0.172 -0.192 -0.212 -0.232 -0.252 -0.272 -0.292 -0.312 -0.332 -0.352 -0.372 -0.392 -0.412 -0.432 -0.452 -0.472 -0.492 -0.512 -0.532 -0.552 -0.572 -0.592
35.568 -0.452 -0.472 -0.492 -0.512 -0.532 -0.552 -0.572 -0.592 -0.612 -0.632 -0.652 -0.672 -0.692 -0.712 -0.732 -0.752 -0.772 -0.792 0.288 0.268 0.248 0.228 0.208 0.188 0.168 0.148 0.128 0.108 0.088 0.068 0.048 0.028 0.008 -0.012 -0.032 -0.052 -0.072 -0.092 -0.112 -0.132 -0.152 -0.172 -0.192 -0.212 -0.232 -0.252 -0.272 -0.292 -0.312 -0.332 -0.352 -0.372 -0.392 -0.412 -0.432 -0.452 -0.472 -0.492 -0.512 -0.532 -0.552 -0.572 -0.592 -0.612
36.528 -0.492 -0.512 -0.532 -0.552 -0.572 -0.592 -0.612 -0.632 -0.652 -0.672 -0.692 -0.712 -0.732 -0.752 -0.772 -0.792 -0.812 0.268 0.248 0.228 0.208 0.188 0.168 0.148 0.128 0.108 0.088 0.068 0.048 0.028 0.008 -0.012 -0.032 -0.052 -0.072 -0.092 -0.112 -0.132 -0.152 -0.172 -0.192 -0.212 -0.232 -0.252 -0.272 -0.292 -0.312 -0.332 -0.352 -0.372 -0.392 -0.412 -0.432 -0.452 -0.472 -0.492 -0.512 -0.532 -0.552 -0.572 -0.592 -0.612 -0.632
37.488 -0.532 -0.552 -0.572 -0.592 -0.612 -0.632 -0.652 -0.672 -0.692 -0.712 -0.732 -0.752 -0.772 -0.792 -0.812 -0.832 0.248 0.228 0.208 0.188 0.168 0.148 0.128 0.108 0.088 0.068 0.048 0.028 0.008 -0.012 -0.032 -0.052 -0.072 -0.092 -0.112 -0.132 -0.152 -0.172 -0.192 -0.212 -0.232 -0.252 -0.272 -0.292 -0.312 -0.332 -0.352 -0.372 -0.392 -0.412 -0.432 -0.452 -0.472 -0.492 -0.512 -0.532 -0.552 -0.572 -0.592 -0.612 -0.632 -0.652
38.448 -0.572 -0.592 -0.612 -0.632 -0.652 -0.672 -0.692 -0.712 -0.732 -0.752 -0.772 -0.792 -0.812 -0.832 -0.852 0.228 0.208 0.188 0.168 0.148 0.128 0.108 0.088 0.068 0.048 0.028 0.008 -0.012 -0.032 -0.052 -0.072 -0.092 -0.112 -0.132 -0.152 -0.172 -0.192 -0.212 -0.232 -0.252 -0.272 -0.292 -0.312 -0.332 -0.352 -0.372 -0.392 -0.412 -0.432 -0.452 -0.472 -0.492 -0.512 -0.532 -0.552 -0.572 -0.592 -0.612 -0.632 -0.652 -0.672
39.408 -0.612 -0.632 -0.652 -0.672 -0.692 -0.712 -0.732 -0.752 -0.772 -0.792 -0.812 -0.832 -0.852 -0.872 0.208 0.188 0.168 0.148 0.128 0.108 0.088 0.068 0.048 0.028 0.008 -0.012 -0.032 -0.052 -0.072 -0.092 -0.112 -0.132 -0.152 -0.172 -0.192 -0.212 -0.232 -0.252 -0.272 -0.292 -0.312 -0.332 -0.352 -0.372 -0.392 -0.412 -0.432 -0.452 -0.472 -0.492 -0.512 -0.532 -0.552 -0.572 -0.592 -0.612 -0.632 -0.652 -0.672 -0.692
40.368 -0.652 -0.672 -0.692 -0.712 -0.732 -0.752 -0.772 -0.792 -0.812 -0.832 -0.852 -0.872 -0.892 0.188 0.168 0.148 0.128 0.108 0.088 0.068 0.048 0.028 0.008 -0.012 -0.032 -0.052 -0.072 -0.092 -0.112 -0.132 -0.152 -0.172 -0.192 -0.212 -0.232 -0.252 -0.272 -0.292 -0.312 -0.332 -0.352 -0.372 -0.392 -0.412 -0.432 -0.452 -0.472 -0.492 -0.512 -0.532 -0.552 -0.572 -0.592 -0.612 -0.632 -0.652 -0.672 -0.692 -0.712
41.328 -0.692 -0.712 -0.732 -0.752 -0.772 -0.792 -0.812 -0.832 -0.852 -0.872 -0.892 -0.912 0.168 0.148 0.128 0.108 0.088 0.068 0.048 0.028 0.008 -0.012 -0.032 -0.052 -0.072 -0.092 -0.112 -0.132 -0.152 -0.172 -0.192 -0.212 -0.232 -0.252 -0.272 -0.292 -0.312 -0.332 -0.352 -0.372 -0.392 -0.412 -0.432 -0.452 -0.472 -0.492 -0.512 -0.532 -0.552 -0.572 -0.592 -0.612 -0.632 -0.652 -0.672 -0.692 -0.712 -0.732
42.288 -0.732 -0.752 -0.772 -0.792 -0.812 -0.832 -0.852 -0.872 -0.892 -0.912 -0.932 0.148 0.128 0.108 0.088 0.068 0.048 0.028 0.008 -0.012 -0.032 -0.052 -0.072 -0.092 -0.112 -0.132 -0.152 -0.172 -0.192 -0.212 -0.232 -0.252 -0.272 -0.292 -0.312 -0.332 -0.352 -0.372 -0.392 -0.412 -0.432 -0.452 -0.472 -0.492 -0.512 -0.532 -0.552 -0.572 -0.592 -0.612 -0.632 -0.652 -0.672 -0.692 -0.712 -0.732 -0.752
43.248 -0.772 -0.792 -0.812 -0.832 -0.852 -0.872 -0.892 -0.912 -0.932 -0.952 0.128 0.108 0.088 0.068 0.048 0.028 0.008 -0.012 -0.032 -0.052 -0.072 -0.092 -0.112 -0.132 -0.152 -0.172 -0.192 -0.212 -0.232 -0.252 -0.272 -0.292 -0.312 -0.332 -0.352 -0.372 -0.392 -0.412 -0.432 -0.452 -0.472 -0.492 -0.512 -0.532 -0.552 -0.572 -0.592 -0.612 -0.632 -0.652 -0.672 -0.692 -0.712 -0.732 -0.752 -0.772
44.208 -0.812 -0.832 -0.852 -0.872 -0.892 -0.912 -0.932 -0.952 -0.972 0.108 0.088 0.068 0.048 0.028 0.008 -0.012 -0.032 -0.052 -0.072 -0.092 -0.112 -0.132 -0.152 -0.172 -0.192 -0.212 -0.232 -0.252 -0.272 -0.292 -0.312 -0.332 -0.352 -0.372 -0.392 -0.412 -0.432 -0.452 -0.472 -0.492 -0.512 -0.532 -0.552 -0.572 -0.592 -0.612 -0.632 -0.652 -0.672 -0.692 -0.712 -0.732 -0.752 -0.772 -0.792
45.168 -0.852 -0.872 -0.892 -0.912 -0.932 -0.952 -0.972 -0.992 0.088 0.068 0.048 0.028 0.008 -0.012 -0.032 -0.052 -0.072 -0.092 -0.112 -0.132 -0.152 -0.172 -0.192 -0.212 -0.232 -0.252 -0.272 -0.292 -0.312 -0.332 -0.352 -0.372 -0.392 -0.412 -0.432 -0.452 -0.472 -0.492 -0.512 -0.532 -0.552 -0.572 -0.592 -0.612 -0.632 -0.652 -0.672 -0.692 -0.712 -0.732 -0.752 -0.772 -0.792 -0.812
46.128 -0.892 -0.912 -0.932 -0.952 -0.972 -0.992 -1.012 0.068 0.048 0.028 0.008 -0.012 -0.032 -0.052 -0.072 -0.092 -0.112 -0.132 -0.152 -0.172 -0.192 -0.212 -0.232 -0.252 -0.272 -0.292 -0.312 -0.332 -0.352 -0.372 -0.392 -0.412 -0.432 -0.452 -0.472 -0.492 -0.512 -0.532 -0.552 -0.572 -0.592 -0.612 -0.632 -0.652 -0.672 -0.692 -0.712 -0.732 -0.752 -0.772 -0.792 -0.812 -0.832
47.088 -0.932 -0.952 -0.972 -0.992 -1.012 -1.032 0.048 0.028 0.008 -0.012 -0.032 -0.052 -0.072 -0.092 -0.112 -0.132 -0.152 -0.172 -0.192 -0.212 -0.232 -0.252 -0.272 -0.292 -0.312 -0.332 -0.352 -0.372 -0.392 -0.412 -0.432 -0.452 -0.472 -0.492 -0.512 -0.532 -0.552 -0.572 -0.592 -0.612 -0.632 -0.652 -0.672 -0.692 -0.712 -0.732 -0.752 -0.772 -0.792 -0.812 -0.832 -0.852
48.048 -0.972 -0.992 -1.012 -1.032 -1.052 0.028 0.008 -0.012 -0.032 -0.052 -0.072 -0.092 -0.112 -0.132 -0.152 -0.172 -0.192 -0.212 -0.232 -0.252 -0.272 -0.292 -0.312 -0.332 -0.352 -0.372 -0.392 -0.412 -0.432 -0.452 -0.472 -0.492 -0.512 -0.532 -0.552 -0.572 -0.592 -0.612 -0.632 -0.652 -0.672 -0.692 -0.712 -0.732 -0.752 -0.772 -0.792 -0.812 -0.832 -0.852 -0.872
49.008 -1.012 -1.032 -1.052 -1.072 0.008 -0.012 -0.032 -0.052 -0.072 -0.092 -0.112 -0.132 -0.152 -0.172 -0.192 -0.212 -0.232 -0.252 -0.272 -0.292 -0.312 -0.332 -0.352 -0.372 -0.392 -0.412 -0.432 -0.452 -0.472 -0.492 -0.512 -0.532 -0.552 -0.572 -0.592 -0.612 -0.632 -0.652 -0.672 -0.692 -0.712 -0.732 -0.752 -0.772 -0.792 -0.812 -0.832 -0.852 -0.872 -0.892
49.968 -1.052 -1.072 -1.092 -0.012 -0.032 -0.052 -0.072 -0.092 -0.112 -0.132 -0.152 -0.172 -0.192 -0.212 -0.232 -0.252 -0.272 -0.292 -0.312 -0.332 -0.352 -0.372 -0.392 -0.412 -0.432 -0.452 -0.472 -0.492 -0.512 -0.532 -0.552 -0.572 -0.592 -0.612 -0.632 -0.652 -0.672 -0.692 -0.712 -0.732 -0.752 -0.772 -0.792 -0.812 -0.832 -0.852 -0.872 -0.892 -0.912
50.928 -1.092 -1.112 -0.032 -0.052 -0.072 -0.092 -0.112 -0.132 -0.152 -0.172 -0.192 -0.212 -0.232 -0.252 -0.272 -0.292 -0.312 -0.332 -0.352 -0.372 -0.392 -0.412 -0.432 -0.452 -0.472 -0.492 -0.512 -0.532 -0.552 -0.572 -0.592 -0.612 -0.632 -0.652 -0.672 -0.692 -0.712 -0.732 -0.752 -0.772 -0.792 -0.812 -0.832 -0.852 -0.872 -0.892 -0.912 -0.932
51.888 -1.132 -0.052 -0.072 -0.092 -0.112 -0.132 -0.152 -0.172 -0.192 -0.212 -0.232 -0.252 -0.272 -0.292 -0.312 -0.332 -0.352 -0.372 -0.392 -0.412 -0.432 -0.452 -0.472 -0.492 -0.512 -0.532 -0.552 -0.572 -0.592 -0.612 -0.632 -0.652 -0.672 -0.692 -0.712 -0.732 -0.752 -0.772 -0.792 -0.812 -0.832 -0.852 -0.872 -0.892 -0.912 -0.932 -0.952
52.848 -0.072 -0.092 -0.112 -0.132 -0.152 -0.172 -0.192 -0.212 -0.232 -0.252 -0.272 -0.292 -0.312 -0.332 -0.352 -0.372 -0.392 -0.412 -0.432 -0.452 -0.472 -0.492 -0.512 -0.532 -0.552 -0.572 -0.592 -0.612 -0.632 -0.652 -0.672 -0.692 -0.712 -0.732 -0.752 -0.772 -0.792 -0.812 -0.832 -0.852 -0.872 -0.892 -0.912 -0.932 -0.952 -0.972
1.008 0.988 0.968 0.948 0.928 0.908 0.888 0.868 0.848 0.828 0.808 0.788 0.768 0.748 0.728 0.708 0.688 0.668 0.648 0.628 0.608 0.588 0.568 0.548 0.528 0.508 0.488 0.468 0.448 0.428 0.408 0.388 0.368 0.348 0.328 0.308 0.288 0.268 0.248 0.228 0.208 0.188 0.168 0.148 0.128 0.108
1.968 0.948 0.928 0.908 0.888 0.868 0.848 0.828 0.808 0.788 0.768 0.748 0.728 0.708 0.688 0.668 0.648 0.628 0.608 0.588 0.568 0.548 0.528 0.508 0.488 0.468 0.448 0.428 0.408 0.388 0.368 0.348 0.328 0.308 0.288 0.268 0.248 0.228 0.208 0.188 0.168 0.148 0.128 0.108 0.088
2.928 0.908 0.888 0.868 0.848 0.828 0.808 0.788 0.768 0.748 0.728 0.708 0.688 0.668 0.648 0.628 0.608 0.588 0.568 0.548 0.528 0.508 0.488 0.468 0.448 0.428 0.408 0.388 0.368 0.348 0.328 0.308 0.288 0.268 0.248 0.228 0.208 0.188 0.168 0.148 0.128 0.108 0.088 0.068
3.888 0.868 0.848 0.828 0.808 0.788 0.768 0.748 0.728 0.708 0.688 0.668 0.648 0.628 0.608 0.588 0.568 0.548 0.528 0.508 0.488 0.468 0.448 0.428 0.408 0.388 0.368 0.348 0.328 0.308 0.288 0.268 0.248 0.228 0.208 0.188 0.168 0.148 0.128 0.108 0.088 0.068 0.048
4.848 0.828 0.808 0.788 0.768 0.748 0.728 0.708 0.688 0.668 0.648 0.628 0.608 0.588 0.568 0.548 0.528 0.508 0.488 0.468 0.448 0.428 0.408 0.388 0.368 0.348 0.328 0.308 0.288 0.268 0.248 0.228 0.208 0.188 0.168 0.148 0.128 0.108 0.088 0.068 0.048 0.028
5.808 0.788 0.768 0.748 0.728 0.708 0.688 0.668 0.648 0.628 0.608 0.588 0.568 0.548 0.528 0.508 0.488 0.468 0.448 0.428 0.408 0.388 0.368 0.348 0.328 0.308 0.288 0.268 0.248 0.228 0.208 0.188 0.168 0.148 0.128 0.108 0.088 0.068 0.048 0.028 0.008
6.768 0.748 0.728 0.708 0.688 0.668 0.648 0.628 0.608 0.588 0.568 0.548 0.528 0.508 0.488 0.468 0.448 0.428 0.408 0.388 0.368 0.348 0.328 0.308 0.288 0.268 0.248 0.228 0.208 0.188 0.168 0.148 0.128 0.108 0.088 0.068 0.048 0.028 0.008 -0.012
7.728 0.708 0.688 0.668 0.648 0.628 0.608 0.588 0.568 0.548 0.528 0.508 0.488 0.468 0.448 0.428 0.408 0.388 0.368 0.348 0.328 0.308 0.288 0.268 0.248 0.228 0.208 0.188 0.168 0.148 0.128 0.108 0.088 0.068 0.048 0.028 0.008 -0.012 -0.032
8.688 0.668 0.648 0.628 0.608 0.588 0.568 0.548 0.528 0.508 0.488 0.468 0.448 0.428 0.408 0.388 0.368 0.348 0.328 0.308 0.288 0.268 0.248 0.228 0.208 0.188 0.168 0.148 0.128 0.108 0.088 0.068 0.048 0.028 0.008 -0.012 -0.032 -0.052
9.648 0.628 0.608 0.588 0.568 0.548 0.528 0.508 0.488 0.468 0.448 0.428 0.408 0.388 0.368 0.348 0.328 0.308 0.288 0.268 0.248 0.228 0.208 0.188 0.168 0.148 0.128 0.108 0.088 0.068 0.048 0.028 0.008 -0.012 -0.032 -0.052 -0.072
10.608 0.588 0.568 0.548 0.528 0.508 0.488 0.468 0.448 0.428 0.408 0.388 0.368 0.348 0.328 0.308 0.288 0.268 0.248 0.228 0.208 0.188 0.168 0.148 0.128 0.108 0.088 0.068 0.048 0.028 0.008 -0.012 -0.032 -0.052 -0.072 -0.092
11.568 0.548 0.528 0.508 0.488 0.468 0.448 0.428 0.408 0.388 0.368 0.348 0.328 0.308 0.288 0.268 0.248 0.228 0.208 0.188 0.168 0.148 0.128 0.108 0.088 0.068 0.048 0.028 0.008 -0.012 -0.032 -0.052 -0.072 -0.092 -0.112
12.528 0.508 0.488 0.468 0.448 0.428 0.408 0.388 0.368 0.348 0.328 0.308 0.288 0.268 0.248 0.228 0.208 0.188 0.168 0.148 0.128 0.108 0.088 0.068 0.048 0.028 0.008 -0.012 -0.032 -0.052 -0.072 -0.092 -0.112 -0.132
13.488 0.468 0.448 0.428 0.408 0.388 0.368 0.348 0.328 0.308 0.288 0.268 0.248 0.228 0.208 0.188 0.168 0.148 0.128 0.108 0.088 0.068 0.048 0.028 0.008 -0.012 -0.032 -0.052 -0.072 -0.092 -0.112 -0.132 -0.152
14.448 0.428 0.408 0.388 0.368 0.348 0.328 0.308 0.288 0.268 0.248 0.228 0.208 0.188 0.168 0.148 0.128 0.108 0.088 0.068 0.048 0.028 0.008 -0.012 -0.032 -0.052 -0.072 -0.092 -0.112 -0.132 -0.152 -0.172
15.408 0.388 0.368 0.348 0.328 0.308 0.288 0.268 0.248 0.228 0.208 0.188 0.168 0.148 0.128 0.108 0.088 0.068 0.048 0.028 0.008 -0.012 -0.032 -0.052 -0.072 -0.092 -0.112 -0.132 -0.152 -0.172 -0.192
16.368 0.348 0.328 0.308 0.288 0.268 0.248 0.228 0.208 0.188 0.168 0.148 0.128 0.108 0.088 0.068 0.048 0.028 0.008 -0.012 -0.032 -0.052 -0.072 -0.092 -0.112 -0.132 -0.152 -0.172 -0.192 -0.212
17.328 0.308 0.288 0.268 0.248 0.228 0.208 0.188 0.168 0.148 0.128 0.108 0.088 0.068 0.048 0.028 0.008 -0.012 -0.032 -0.052 -0.072 -0.092 -0.112 -0.132 -0.152 -0.172 -0.192 -0.212 -0.232
18.288 0.268 0.248 0.228 0.208 0.188 0.168 0.148 0.128 0.108 0.088 0.068 0.048 0.028 0.008 -0.012 -0.032 -0.052 -0.072 -0.092 -0.112 -0.132 -0.152 -0.172 -0.192 -0.212 -0.232 -0.252
19.248 0.228 0.208 0.188 0.168 0.148 0.128 0.108 0.088 0.068 0.048 0.028 0.008 -0.012 -0.032 -0.052 -0.072 -0.092 -0.112 -0.132 -0.152 -0.172 -0.192 -0.212 -0.232 -0.252 -0.272
20.208 0.188 0.168 0.148 0.128 0.108 0.088 0.068 0.048 0.028 0.008 -0.012 -0.032 -0.052 -0.072 -0.092 -0.112 -0.132 -0.152 -0.172 -0.192 -0.212 -0.232 -0.252 -0.272 -0.292
21.168 0.148 0.128 0.108 0.088 0.068 0.048 0.028 0.008 -0.012 -0.032 -0.052 -0.072 -0.092 -0.112 -0.132 -0.152 -0.172 -0.192 -0.212 -0.232 -0.252 -0.272 -0.292 -0.312
22.128 0.108 0.088 0.068 0.048 0.028 0.008 -0.012 -0.032 -0.052 -0.072 -0.092 -0.112 -0.132 -0.152 -0.172 -0.192 -0.212 -0.232 -0.252 -0.272 -0.292 -0.312 -0.332
23.088 0.068 0.048 0.028 0.008 -0.012 -0.032 -0.052 -0.072 -0.092 -0.112 -0.132 -0.152 -0.172 -0.192 -0.212 -0.232 -0.252 -0.272 -0.292 -0.312 -0.332 -0.352
24.048 0.028 0.008 -0.012 -0.032 -0.052 -0.072 -0.092 -0.112 -0.132 -0.152 -0.172 -0.192 -0.212 -0.232 -0.252 -0.272 -0.292 -0.312 -0.332 -0.352 -0.372
25.008 -0.012 -0.032 -0.052 -0.072 -0.092 -0.112 -0.132 -0.152 -0.172 -0.192 -0.212 -0.232 -0.252 -0.272 -0.292 -0.312 -0.332 -0.352 -0.372 -0.392
25.968 -0.052 -0.072 -0.092 -0.112 -0.132 -0.152 -0.172 -0.192 -0.212 -0.232 -0.252 -0.272 -0.292 -0.312 -0.332 -0.352 -0.372 -0.392 -0.412
26.928 -0.092 -0.112 -0.132 -0.152 -0.172 -0.192 -0.212 -0.232 -0.252 -0.272 -0.292 -0.312 -0.332 -0.352 -0.372 -0.392 -0.412 -0.432
27.888 -0.132 -0.152 -0.172 -0.192 -0.212 -0.232 -0.252 -0.272 -0.292 -0.312 -0.332 -0.352 -0.372 -0.392 -0.412 -0.432 -0.452
28.848 -0.172 -0.192 -0.212 -0.232 -0.252 -0.272 -0.292 -0.312 -0.332 -0.352 -0.372 -0.392 -0.412 -0.432 -0.452 -0.472
29.808 -0.212 -0.232 -0.252 -0.272 -0.292 -0.312 -0.332 -0.352 -0.372 -0.392 -0.412 -0.432 -0.452 -0.472 -0.492
30.768 -0.252 -0.272 -0.292 -0.312 -0.332 -0.352 -0.372 -0.392 -0.412 -0.432 -0.452 -0.472 -0.492 -0.512
31.728 -0.292 -0.312 -0.332 -0.352 -0.372 -0.392 -0.412 -0.432 -0.452 -0.472 -0.492 -0.512 -0.532
32.688 -0.332 -0.352 -0.372 -0.392 -0.412 -0.432 -0.452 -0.472 -0.492 -0.512 -0.532 -0.552
33.648 -0.372 -0.392 -0.412 -0.432 -0.452 -0.472 -0.492 -0.512 -0.532 -0.552 -0.572
34.608 -0.412 -0.432 -0.452 -0.472 -0.492 -0.512 -0.532 -0.552 -0.572 -0.592
35.568 -0.452 -0.472 -0.492 -0.512 -0.532 -0.552 -0.572 -0.592 -0.612
36.528 -0.492 -0.512 -0.532 -0.552 -0.572 -0.592 -0.612 -0.632
37.488 -0.532 -0.552 -0.572 -0.592 -0.612 -0.632 -0.652
38.448 -0.572 -0.592 -0.612 -0.632 -0.652 -0.672
39.408 -0.612 -0.632 -0.652 -0.672 -0.692
40.368 -0.652 -0.672 -0.692 -0.712
41.328 -0.692 -0.712 -0.732
42.288 -0.732 -0.752
43.248 -0.772
44.208
-25.7 -23.7 -25.7 -21.7 -25.7 -19.7 -25.7 -17.7 -25.7 -15.7 -25.7 -13.7 -25.7 -11.7 -25.7 -9.7 -25.7 -7.7 -25.7 -5.7 -25.7 -3.7 -25.7 -1.7 -25.7 0.3 -25.7 2.3 -25.7 4.3 -25.7 6.3 -25.7 8.3 -25.7 10.3 -25.7 12.3 -25.7 14.3 -25.7 16.3 -25.7 18.3 -25.7 20.3 -25.7 22.3 -25.7 24.3 -25.7 26.3 -25.7 28.3 -25.7 -24.7 -25.7 -22.7 -25.7 -20.7 -25.7 -18.7 -25.7 -16.7 -25.7 -14.7 -25.7 -12.7 -25.7 -10.7 -25.7 -8.7 -25.7 -6.7 -25.7 -4.7 -25.7 -2.7 -25.7 -0.7 -25.7 1.3 -25.7 3.3 -25.7 5.3 -25.7 7.3 -25.7 9.3 -25.7 11.3 -25.7 13.3 -25.7 15.3 -25.7 17.3 -25.7 19.3