10
200.001 177.778 155.555 133.333 111.111 88.8888 66.6666 44.4444 22.2222 0
177.778 266.667 133.333 111.111 88.8888 66.6666 44.4444 22.2222 0 -22.2222
155.555 133.333 333.334 88.8888 66.6666 44.4444 22.2222 0 -22.2222 -44.4444
133.333 111.111 88.8888 400.001 44.4444 22.2222 0 -22.2222 -44.4444 -66.6666
111.111 88.8888 66.6666 44.4444 466.667 0 -22.2222 -44.4444 -66.6666 -88.8888
88.8888 66.6666 44.4444 22.2222 0 533.334 -44.4444 -66.6666 -88.8888 -111.111
66.6666 44.4444 22.2222 0 -22.2222 -44.4444 600 -88.8888 -111.111 -133.333
44.4444 22.2222 0 -22.2222 -44.4444 -66.6666 -88.8888 666.667 -133.333 -155.555
22.2222 0 -22.2222 -44.4444 -66.6666 -88.8888 -111.111 -133.333 733.334 -177.778
0 -22.2222 -44.4444 -66.6666 -88.8888 -111.111 -133.333 -155.555 -177.778 800
1 1 1 1 1 1 1 1 1 1