10
20.1016 17.8976 15.6956 13.4936 11.2916 8.8896 6.6476 4.4056  2.1636 -0.0784
17.8976 26.7136 13.4916 11.2896 9.0876 6.6856 4.4436  2.2016 -0.0404 -2.2824
15.6956 13.4916 33.3196 9.0876 6.8856 4.4836  2.2416 -0.0004 -2.2424 -4.4844
13.4936 11.2896 9.0876 39.9256 4.6836 2.2816  0.0396 -2.2024 -4.4444 -6.6864
11.2916 9.0876 6.8856 4.6836 46.5316  0.0796 -2.1624 -4.4044 -6.6464 -8.8884
8.8896 6.6856 4.4836 2.2816 0.0796  53.7376 -4.5644 -6.8064 -9.0484 -11.2904
6.6476 4.4436 2.2416 0.0396 -2.1624 -4.5644  60.4636 -9.0484 -11.2904 -13.5324
4.4056 2.2016 -0.0004 -2.2024 -4.4044 -6.8064 -9.0484  67.1896 -13.5324 -15.7744
2.1636 -0.0404 -2.2424 -4.4444 -6.6464 -9.0484 -11.2904 -13.5324 73.9156 -18.0164
-0.0784 -2.2824 -4.4844 -6.6864 -8.8884 -11.2904 -13.5324 -15.7744 -18.0164 80.6416
1 1 1 1 1 1 1 1 1 1