10
1 0.5 0.333333 0.25 0.2 0.166667 0.142857 0.125 0.111111 0.1
0.5 0.333333 0.25 0.2 0.166667 0.142857 0.125 0.111111 0.1 0.0909091
0.333333 0.25 0.2 0.166667 0.142857 0.125 0.111111 0.1 0.0909091 0.0833333
0.25 0.2 0.166667 0.142857 0.125 0.111111 0.1 0.0909091 0.0833333 0.0769231
0.2 0.166667 0.142857 0.125 0.111111 0.1 0.0909091 0.0833333 0.0769231 0.0714286
0.166667 0.142857 0.125 0.111111 0.1 0.0909091 0.0833333 0.0769231 0.0714286 0.0666667
0.142857 0.125 0.111111 0.1 0.0909091 0.0833333 0.0769231 0.0714286 0.0666667 0.0625
0.125 0.111111 0.1 0.0909091 0.0833333 0.0769231 0.0714286 0.0666667 0.0625 0.0588235
0.111111 0.1 0.0909091 0.0833333 0.0769231 0.0714286 0.0666667 0.0625 0.0588235 0.0555556
0.1 0.0909091 0.0833333 0.0769231 0.0714286 0.0666667 0.0625 0.0588235 0.0555556 0.0526316
2.928968 2.0198771 1.6032104 1.3468005 1.1682291 1.0348958 0.9307288 0.8466953 0.7772509 0.7187715